*.csv - набор факторов, на котором тестировалось
L - объем выборки для обучения
T - объем выборки для тестирования

x: P R F1 A E
x - определяемое число
P - Предсказание
R - Полнота
F1 - метрика F1
A - Точность
E - Ошибочные


factors_true_all.csv
L = 500 T = 20000
0: 0.995434 0.112025 0.201386 0.91355 0.08645
1: 0.885797 0.936348 0.910371 0.979 0.021
2: 0.994048 0.0836673 0.154344 0.9085 0.0915
3: 0.827742 0.617718 0.707472 0.94695 0.05305
4: 0.67717 0.578466 0.623939 0.93135 0.06865
5: 0.511464 0.16129 0.245243 0.91075 0.08925
6: 0.8686 0.705764 0.778761 0.96 0.04
7: 0.855044 0.842664 0.848809 0.9689 0.0311
8: 0.972603 0.0370757 0.0714286 0.9077 0.0923
9: 0.798111 0.342452 0.479263 0.92655 0.07345

L = 1000 T = 20000
0: 0.995012 0.617329 0.761935 0.9626 0.0374
1: 0.954731 0.926219 0.940259 0.9866 0.0134
2: 0.989817 0.244713 0.39241 0.92475 0.07525
3: 0.916667 0.00526568 0.0104712 0.89605 0.10395
4: 0.575603 0.797975 0.668788 0.92195 0.07805
5: 0.662069 0.212038 0.321205 0.91885 0.08115
6: 0.960902 0.645129 0.771972 0.96225 0.03775
7: 0.987441 0.609496 0.753745 0.9589 0.0411
8: 0.791638 0.593521 0.678411 0.94615 0.05385
9: 0.5 0.000504032 0.00100705 0.9008 0.0992

L = 5000 T = 20000
0: 0.95126 0.891684 0.920509 0.985 0.015
1: 0.5 0.000447027 0.000893256 0.88815 0.11185
2: 0.928617 0.730769 0.817899 0.96785 0.03215
3: 0.970559 0.46673 0.630338 0.942 0.058
4: 0.827653 0.861196 0.844091 0.9686 0.0314
5: 0.568804 0.813758 0.669581 0.9282 0.0718
6: 0.997674 0.218543 0.358546 0.92325 0.07675
7: 0.484536 0.964218 0.644966 0.88875 0.11125
8: 0.296129 0.954262 0.451994 0.7774 0.2226
9: 0.910626 0.459649 0.610926 0.9416 0.0584

L = 10000 T = 20000
0: 0.984643 0.855749 0.915683 0.98465 0.01535
1: 0.971765 0.922287 0.946379 0.9883 0.0117
2: 0.593557 0.923077 0.722519 0.92995 0.07005
3: 0.973291 0.593675 0.7375 0.9559 0.0441
4: 0.382777 0.985257 0.551351 0.8423 0.1577
5: 0.899051 0.574421 0.700975 0.95555 0.04445
6: 0.939921 0.850178 0.8928 0.9799 0.0201
7: 0.797072 0.935115 0.860593 0.96825 0.03175
8: 0.868775 0.664779 0.753209 0.9577 0.0423
9: 0.449236 0.919778 0.603642 0.8803 0.1197

L = 20000 T = 20000
0: 0.99087 0.812375 0.892789 0.98045 0.01955
1: 0.975012 0.924374 0.949018 0.9891 0.0109
2: 0.984289 0.632828 0.770366 0.96265 0.03735
3: 0.986807 0.540723 0.69863 0.9516 0.0484
4: 0.863035 0.869473 0.866242 0.9748 0.0252
5: 0.83537 0.705595 0.765018 0.9601 0.0399
6: 0.985075 0.714065 0.827957 0.9712 0.0288
7: 0.928291 0.886908 0.907127 0.98065 0.01935
8: 0.928222 0.577372 0.711917 0.95395 0.04605
9: 0.850947 0.694763 0.764964 0.9572 0.0428



factors_matrix.csv
L = 500 T = 20000
0: 0.97378 0.68705 0.805664 0.96775 0.03225
1: 0.934622 0.891133 0.91236 0.9805 0.0195
2: 0.504825 0.917335 0.651254 0.90195 0.09805
3: 0.722523 0.772268 0.746567 0.94555 0.05445
4: 0.819825 0.667852 0.736076 0.95285 0.04715
5: 0.530023 0.510567 0.520113 0.9153 0.0847
6: 0.444878 0.970927 0.610175 0.87625 0.12375
7: 0.876404 0.790541 0.831261 0.96675 0.03325
8: 0.489345 0.64752 0.557429 0.90155 0.09845
9: 0.638487 0.29078 0.399582 0.91375 0.08625

L = 1000 T = 20000
0: 0.982483 0.665291 0.793358 0.9664 0.0336
1: 0.944151 0.942907 0.943529 0.98715 0.01285
2: 0.755241 0.77996 0.767402 0.95305 0.04695
3: 0.829948 0.684538 0.750262 0.9524 0.0476
4: 0.931517 0.640506 0.759076 0.95985 0.04015
5: 0.830175 0.628934 0.715677 0.95475 0.04525
6: 0.761688 0.929329 0.837199 0.9642 0.0358
7: 0.804264 0.91376 0.855523 0.96815 0.03185
8: 0.548401 0.654127 0.596617 0.91535 0.08465
9: 0.505922 0.839718 0.631419 0.90275 0.09725

L = 5000 T = 20000
0: 0.94678 0.913244 0.92971 0.98655 0.01345
1: 0.949418 0.948145 0.948781 0.98855 0.01145
2: 0.841354 0.805162 0.82286 0.96575 0.03425
3: 0.875077 0.674375 0.761727 0.9553 0.0447
4: 0.915619 0.775076 0.839506 0.97075 0.02925
5: 0.853789 0.447427 0.587156 0.94375 0.05625
6: 0.938776 0.679572 0.788416 0.9642 0.0358
7: 0.761679 0.917939 0.83254 0.9613 0.0387
8: 0.487342 0.760395 0.593991 0.9 0.1
9: 0.56476 0.806516 0.664327 0.9187 0.0813

L = 10000 T = 20000
0: 0.928279 0.930185 0.929231 0.9862 0.0138
1: 0.964744 0.941045 0.952747 0.98955 0.01045
2: 0.623615 0.911437 0.740543 0.9369 0.0631
3: 0.955087 0.499281 0.655758 0.9453 0.0547
4: 0.888485 0.870869 0.879589 0.97655 0.02345
5: 0.775383 0.753583 0.764328 0.95785 0.04215
6: 0.904158 0.905536 0.904846 0.98125 0.01875
7: 0.870626 0.902195 0.886129 0.9757 0.0243
8: 0.788828 0.298146 0.432735 0.9241 0.0759
9: 0.809743 0.444501 0.573941 0.9346 0.0654

L = 20000 T = 20000
0: 0.945613 0.919661 0.932456 0.98665 0.01335
1: 0.900712 0.979499 0.938455 0.9859 0.0141
2: 0.824197 0.880808 0.851562 0.9696 0.0304
3: 0.715185 0.876145 0.787524 0.95095 0.04905
4: 0.914171 0.845498 0.878494 0.97805 0.02195
5: 0.904284 0.538838 0.675289 0.9523 0.0477
6: 0.894026 0.886656 0.890326 0.9788 0.0212
7: 0.819605 0.933834 0.872998 0.97105 0.02895
8: 0.462719 0.749366 0.572148 0.88955 0.11045
9: 0.790074 0.690773 0.737094 0.9506 0.0494



factors_binmatrix.csv
L = 500 T = 20000
0: 0.981966 0.559609 0.71293 0.95615 0.04385
1: 0.835308 0.959614 0.893156 0.97385 0.02615
2: 0.885878 0.540581 0.671437 0.9472 0.0528
3: 0.63033 0.818488 0.712191 0.9313 0.0687
4: 0.467468 0.908583 0.617322 0.8891 0.1109
5: 0.451754 0.630145 0.526242 0.898 0.102
6: 0.451792 0.979449 0.618354 0.8794 0.1206
7: 0.835375 0.822876 0.829079 0.96485 0.03515
8: 0.382421 0.777023 0.512573 0.8585 0.1415
9: 0.227946 0.943769 0.367202 0.67895 0.32105

L = 1000 T = 20000
0: 0.989311 0.429603 0.599065 0.94425 0.05575
1: 0.944814 0.8722 0.907056 0.97965 0.02035
2: 0.730097 0.757301 0.74345 0.9481 0.0519
3: 0.805339 0.693155 0.745048 0.95045 0.04955
4: 0.887401 0.738228 0.80597 0.9649 0.0351
5: 0.764157 0.633352 0.692633 0.9491 0.0509
6: 0.891767 0.781928 0.833244 0.969 0.031
7: 0.879776 0.836725 0.85771 0.97135 0.02865
8: 0.35853 0.800418 0.495232 0.84385 0.15615
9: 0.436506 0.760585 0.554677 0.87885 0.12115

L = 5000 T = 20000
0: 0.938919 0.891684 0.914692 0.9838 0.0162
1: 0.927298 0.906571 0.916817 0.9816 0.0184
2: 0.902857 0.719636 0.800901 0.96465 0.03535
3: 0.854913 0.697971 0.768511 0.95545 0.04455
4: 0.921607 0.708713 0.80126 0.9653 0.0347
5: 0.66628 0.642058 0.653945 0.93925 0.06075
6: 0.958245 0.689761 0.802133 0.9666 0.0334
7: 0.862333 0.860687 0.861509 0.971 0.029
8: 0.303607 0.870582 0.450208 0.79545 0.20455
9: 0.731465 0.62807 0.675836 0.9399 0.0601

L = 10000 T = 20000
0: 0.856614 0.950719 0.901217 0.9797 0.0203
1: 0.953687 0.947298 0.950482 0.98895 0.01105
2: 0.57802 0.912955 0.707867 0.92555 0.07445
3: 0.859128 0.651653 0.741144 0.9525 0.0475
4: 0.793837 0.929842 0.856474 0.96935 0.03065
5: 0.527989 0.842337 0.649108 0.9174 0.0826
6: 0.897239 0.891315 0.894268 0.97925 0.02075
7: 0.768485 0.907443 0.832203 0.96165 0.03835
8: 0.593119 0.559217 0.575669 0.91995 0.08005
9: 0.797872 0.491927 0.608614 0.9373 0.0627

L = 20000 T = 20000
0: 0.924951 0.947106 0.935897 0.987 0.013
1: 0.848485 0.982232 0.910473 0.9788 0.0212
2: 0.755296 0.882323 0.813883 0.96005 0.03995
3: 0.786348 0.85494 0.81921 0.96085 0.03915
4: 0.917386 0.792754 0.850529 0.97385 0.02615
5: 0.816835 0.658881 0.729405 0.955 0.045
6: 0.918096 0.854714 0.885272 0.9785 0.0215
7: 0.687909 0.937119 0.793405 0.948 0.052
8: 0.352375 0.854389 0.498963 0.8309 0.1691
9: 0.817575 0.366584 0.506198 0.9283 0.0717


factors_without_matrix
L = 500 T = 20000
0: 0.998658 0.382323 0.552954 0.93985 0.06015
1: 0.946641 0.872256 0.907928 0.97985 0.02015
2: 0.942773 0.643788 0.765109 0.96055 0.03945
3: 0.792757 0.758787 0.7754 0.95435 0.04565
4: 0.945312 0.49162 0.646843 0.94715 0.05285
5: 0.351589 0.646274 0.455418 0.86105 0.13895
6: 0.990099 0.0501253 0.0954198 0.9052 0.0948
7: 0.8324 0.860521 0.846227 0.9676 0.0324
8: 0.894356 0.322715 0.47429 0.9315 0.0685
9: 0.13414 0.983283 0.236074 0.3719 0.6281

L = 1000 T = 20000
0: 0.99892 0.47705 0.645724 0.94925 0.05075
1: 0.83277 0.97321 0.897529 0.9747 0.0253
2: 0.953435 0.628902 0.757888 0.9601 0.0399
3: 0.972318 0.538056 0.692758 0.95015 0.04985
4: 0.767732 0.778228 0.772944 0.95485 0.04515
5: 0.987179 0.0850359 0.156584 0.91705 0.08295
6: 0.484902 0.972741 0.647187 0.89495 0.10505
7: 0.983607 0.639535 0.775103 0.9617 0.0383
8: 0.669098 0.76698 0.714703 0.9414 0.0586
9: 0.668715 0.603327 0.63434 0.931 0.069

L = 5000 T = 20000
0: 0.810197 0.970739 0.883232 0.975 0.025
1: 0.987412 0.87662 0.928724 0.98495 0.01505
2: 0.979149 0.570344 0.720819 0.95635 0.04365
3: 0.790181 0.805097 0.797569 0.9567 0.0433
4: 0.882011 0.844478 0.862836 0.9735 0.0265
5: 0.963068 0.379195 0.544141 0.9432 0.0568
6: 0.995434 0.111055 0.199817 0.9127 0.0873
7: 0.486707 0.969466 0.648063 0.88965 0.11035
8: 0.524424 0.887214 0.659201 0.91175 0.08825
9: 0.445103 0.940852 0.604314 0.8771 0.1229

L = 10000 T = 20000
0: 0.857078 0.969713 0.909923 0.9813 0.0187
1: 0.971055 0.928986 0.949555 0.98895 0.01105
2: 0.561832 0.931174 0.700819 0.92145 0.07855
3: 0.96168 0.625299 0.75784 0.9583 0.0417
4: 0.892876 0.860193 0.87623 0.9761 0.0239
5: 0.542302 0.862183 0.665815 0.9215 0.0785
6: 0.918219 0.900965 0.90951 0.98235 0.01765
7: 0.935586 0.84542 0.888221 0.9777 0.0223
8: 0.689594 0.805355 0.742993 0.9459 0.0541
9: 0.627959 0.843088 0.719793 0.93495 0.06505

L = 20000 T = 20000
0: 0.997122 0.691617 0.816735 0.9689 0.0311
1: 0.930641 0.965831 0.94791 0.98835 0.01165
2: 0.767028 0.892929 0.825204 0.96255 0.03745
3: 0.84532 0.826988 0.836054 0.96635 0.03365
4: 0.899603 0.844965 0.871429 0.9766 0.0234
5: 0.959497 0.373167 0.537348 0.94085 0.05915
6: 0.800087 0.94848 0.867987 0.972 0.028
7: 0.944586 0.871891 0.906784 0.9809 0.0191
8: 0.936402 0.567732 0.706886 0.9536 0.0464
9: 0.654753 0.886284 0.753126 0.94175 0.05825
